ι INDEX GRAMMATICUS.

11 6161111116.

'quu 4141,
464ἳὲ 435 31,

66646641164114114477, ιο.

111020110· 1⁶2 ⁵-
416ζώ664467 16.

μανός i. e. ἐμμανής 456, 116 461,4.
6711111111. .
μέ 466, 11. 19. 61. 469 16.
μεγαλοϋιιέροχος 466, 61.

ἅπαραιιροσδοκῄιως 459, ιο. 463, μεσέιι 466,6ο.

6611561467ίέ 471, 17.

1111111471611471, 13.

aab ᾇνωθεν 461, 14. &dmm
6111 ἑκατόν 479, 5.

ἀποκρισιάριος 465, 6· 466, 3.

ἀρκουδάμαξον466, 17. ’

&warmaciam 465, ι.

6741711μευιον463, ι.

44417111 466, 66.

βυκίον 461, 61.

βουβάλων 466, 3.

ρουμιιάρδιι 461, 1. 15. 466, 6

ρουιζίον 474, 6.

γεννήματα 459, 6.

71416111 463, 14.

6167611716 464, 6.

1316111μά 463, 61.

&vomatur 464, 17.

4164166474611.

&tq 66, 13.

ἕως 611 476, 3. ἕως 611111 467, 6.

663176461464, 7.

6641746161 464, 16. 466, ιι,
76, 1. -

55115551534517, 10.

6164161136 4611, 1.

κουρσιμαῖος 464, 9·

11111391105463³ 66. 464. 5· 0· 4711
66

7114164161 464, 6.
μωροθαὺμασιος 466, 17. 476, 6.
νά 461, 17. 463,63.464, 13. 4667.
53όῖ 46 31415 465, 14. 44414
1164564161 464), 6ο.
πανθαὺμασιος 457, 4. 479, 6.
45564464. 44814 ²·
4111111616 41611· 415. 18·
645436445463144, 2..
111117111111161475, 16.

πόρια 466, 61. 476, 15. 471, 16.
πουντελειάζειν 463, 6.
πουνιέλειον 463, 9.

πρὲμ7ἔιὸνιον 471, 6 473, 4. 476,

&pulsa 467, ιι.

ασούλ 465, 66. 4666.

66116 ὀξέα 4731 17.

1111741111 46463. 464, 17. 476, 63.

capud& 464, 6. 8.

σιῖηῑέοδεσμουμένους 466, 11. 66.
6 , 6.

(1116111469, 14. 15. 476, 17.

σκλάβος 466, 9·

6113161161 469, 17.

σολοικοβᾶρβαροι 456, 6.

1111666 461, 11. 4711, 14.

anamim 467, 61.

στέρνα 463, 15.

σιουιιιιιιὶ 476, 6.

 

