536

3117714111 14, 6.
3110101 ἡμέρα 13, 0.
1107000106711101 403, 00.
4401100040 400, 3.
3101690901 41161101 146, 9
ἐργασιηριακόν 400, 4.
0101010141, 10·
1610717θῆ101 7010110 111,0. 103,
10. 109, 9. 161, 11. 191, 7.
1630707161 3ο5,17.
1601809961101430, 18.
εύσκιόφυλλος 75,10.
1600637111ος 400, 00.
4107036110 403, 03.
(0700111161 401, 01.
ἡμέρα τῇ ἡμέρᾳ 50, 7. 356, ιο.
47111601 090, 0.
ἢμιιριὴρης 183, 0.
’1111149101 38, 14.
. 8111011161 408, 13. 410, 7. 403, 3.
81114 13,0. 109, 15. 101, 8. 013,
1· 410 ⁸· ¹⁰·
θέλξθῖμαι 6189011111 ent 16 014-
5 91 Ι·
eamr καὶ μὴ 8601151, ιο. 75,
11.306,01.406,14. θέλων 103
1111111111..3,1·.
81066400101400, 3. 9, 401, 3.
00 10.
81671176301101400, 4. 400, 17.
Θῆβα 91,9. 107, 5.
5190107411 1017 13990βῶ1ος 030, 6
wir 7114010101 404, 03.
1190113114 00, 0.
&armosos 398, 0.
ἱματοφὺλαξ 100, 0.
ἴσον 405, 0.
10463101 100, 0. 14613.
“ {2132‘1523323
003086110416, 15.
0ομ17301166161111110 90, 5.
11ομ0011011κό1 401, 01.
1014104111 161 87101Δ711419101
10, .
11011601 411, 13.
mammae 051900. 055, 4. 110117·
111ος1 , .
1007801156 400, 3.
1161100 417, 1. 0.

110ομ1641 146, 13.
100190111010 400, 0.

“ 101μο111616701117ς118,10.395,ρ6.

¹ 11111111

1111101111ιῶ1 5610. 000, 1.
1111111ροῦ70 146, 13.
11010011χ64476101 041, 11.
10110111110104, 15. 401, 7.
1011970111010 400, 0.
11113101 106, 7.
1144116171 110, 3. 104, 18. 105, 5.
106,7. 8. 11.
119040116111109, 10.
11400λά1001 115, 15. 135, 00391.
1 .
1141740110ιῆ00 41, 1.
110101οχ9611ος 183, 17.
1071491101400, 10. 15. 400 14.
19. 403, 6. 17.
110ομ100161 400, 3.
10υρ0614101δὸ, 16.
100914008610 146, 14.
1497101 101, 00.
30711106611101305, 19.
4116901 084, 01.
3111141111 405, 17. 409, 10.
3116101101 401, 18.
710711ρί0 400, 3. 404, 3. 8.
7101906044410801 04817.
3313333333313133 332
‚ .
031, 00.
333331333113333·
06, .
71010131 610716117090019, 10.
μελλοκυρία 003, 19.
71111681νο73, 14.
7119111161 418, 00.
μεσάζων 000, 00. 030, 17.
7000011161 6171941101 004, 14.
7110111161 401, 01.
71110730114411171, 11.
μ11041011161 400, 4-
71711011161 400, 4.
Μουσταφὸπουλος 117, 6. 16.
7111030101901 039, 11. 053, 8
μυριαρίθμηιος 96, 10. 073, 00.
44643433 433 2:
4036111801 050, 0.
6361130 401,13.
61111μὴ400, 1.
11 11011 111, 1013·
6111ομ01116 1194111387,ἳῖ

110160910149111 93, 5·

 

